4294967279,18
4294967279,16
4294967279,13
4294967279,11
4294967279,10
124,4
4294967294,2251
4294967294,222
4294967294,1417
4294967294,83
4294967278,132
4294967278,131
4294967278,130
4294967278,129
4294967278,128
4294967278,127
4294967278,126
4294967278,125
4294967278,124
4294967278,123
4294967278,122
4294967278,121
4294967278,120
4294967278,119
4294967278,118
4294967278,117
4294967278,116
4294967278,115
4294967278,114
4294967278,113
4294967278,112
4294967278,111
4294967278,110
4294967278,109
4294967278,108
4294967278,107
4294967278,106
4294967278,105
4294967278,104
4294967278,103
4294967278,102
4294967278,101
4294967278,100
4294967278,99
4294967278,98
4294967278,97
4294967278,96
4294967278,95
4294967278,94
4294967278,93
4294967278,92
4294967278,91
4294967278,90
4294967278,89
4294967278,87
4294967278,86
4294967278,85
4294967278,84
4294967278,83
4294967278,82
4294967278,81
4294967278,80
4294967278,79
4294967278,78
4294967278,77
4294967278,76
4294967278,75
4294967278,74
4294967278,73
4294967278,72
4294967278,71
4294967278,70
4294967278,69
4294967278,68
4294967278,67
4294967278,66
4294967278,65
4294967278,64
4294967278,63
4294967278,62
4294967278,61
4294967279,84
4294967279,83
4294967279,82
4294967279,81
4294967279,76
4294967279,75
4294967279,73
4294967279,70
4294967279,68
4294967279,67
4294967279,62
4294967279,61
4294967279,60
4294967279,54
4294967279,53
4294967279,51
4294967279,48
4294967279,45
4294967279,40
4294967279,38
4294967279,37
4294967279,35
4294967279,32
4294967279,29
4294967279,25
4294967279,23
4294967279,20
4294967279,17
4294967279,15
4294967279,14
4294967279,12
4294967279,8
4294967279,7
4294967279,6
4294967279,5
4294967279,4
124,5
4294967294,7
4294967294,22
4243767290,0
4294967294,401
4294967294,296
4294967294,292
4294967294,291
4294967294,285
4294967294,496
4294967294,489
4294967294,476
4294967294,493
4294967294,475
4294967294,483
4294967294,482
4294967294,479
4294967294,487
4294967294,498
4294967294,30
4294967294,178
4294967294,5
0,5
4294967294,107
4294967294,94
4294967294,93
4294967294,96
141,4
4294967279,265
141,3
141,2
141,1
4294967279,299
4294967279,9
4294967294,8
0,7
4294967294,445
4294967294,2064
4294967294,1004
4294967294,2252
4294967294,2
4294967294,0
4294967294,1
4294967294,131
4294967294,1331
4294967294,29
4294967294,977
4294967294,28
4294967294,90
4294967294,86
4294967279,264
4294967294,99
4294967294,76
4294967294,26
4294967294,57
4294967294,11
4294967294,317
4294967294,316
4294967294,315
4294967294,2307
4294967294,311
4294967294,309
4294967294,61
4294967294,306
4294967294,2306
4294967294,2305
4294967294,2304
4294967294,307
4294967294,304
4294967294,303
4294967294,302
4294967294,301
4294967294,295
4294967294,294
4294967294,293
4294967294,60
4294967294,466
4294967294,1422
4294967294,463
4294967294,464
4294967294,465
4294967294,1000
4294967294,459
4294967294,460
4294967294,462
4294967294,1005
4294967294,457
4294967294,471
4294967294,472
4294967294,468
4294967294,192
4294967294,1008
4294967294,999
4294967294,198
4294967294,1007
4294967294,1006
4294967294,196
4294967294,1017
4294967294,1016
4294967294,1013
4294967294,1012
4294967294,1011
4294967294,197
4294967294,1003
4294967294,194
4294967294,495
4294967294,494
4294967294,497
4294967294,485
4294967294,486
4294967294,481
4294967294,480
4294967294,478
4294967294,1427
4294967294,492
4294967294,488
4294967294,92
4294967294,55
4294967294,36
4294967294,39
4294967294,389
4294967294,44
4294967294,17
4294967294,41
4294967294,1322
4294967294,987
4294967294,1431
4294967294,1418
4294967294,1575
4294967294,1434
4294967294,1574
4294967294,1565
4294967294,1605
4294967294,111
4294967294,112
4294967294,109
4294967294,95
4294967294,1451
4294967294,2249
4294967294,27
4294967294,169
4294967294,184
4294967294,180
4294967294,116
4294967294,118
4294967294,179
4294967294,2241
4294967294,25
4294967294,2240
4294967294,1444
4294967294,405
4294967294,14
4294967294,126
4294967294,127
4294967294,12
4294967294,67
4294967294,81
4294967294,170
4294967294,203
4294967294,163
4294967294,437
4294967294,200
4294967294,82
4294967294,1416
4294967294,68
4294967278,377
4294967293,131
4294967293,130
4294967293,129
4294967293,128
4294967293,127
4294967293,126
4294967293,125
4294967293,124
4294967293,123
4294967293,122
4294967293,121
4294967293,120
4294967293,119
4294967293,118
4294967293,117
4294967293,116
4294967293,115
4294967293,114
4294967293,113
4294967293,112
4294967293,111
4294967293,110
4294967293,109
4294967293,108
4294967293,107
4294967293,106
4294967293,105
4294967293,104
4294967293,103
4294967293,102
4294967293,101
4294967293,100
4294967293,99
4294967293,98
4294967293,97
4294967293,96
4294967293,95
4294967293,94
4294967293,93
4294967293,92
4294967293,91
4294967293,90
4294967293,89
4294967293,88
4294967293,87
4294967293,86
